N: 100
k		Knn初始
0		0
1		0
2		9.56592
3		8.19903
4		6.85581
5		7.13836
6		6.49815
7		5.26333
8		5.19375
9		5.09815
10		5.025
11		4.65455
12		3.32083
13		2.49615
14		1.92857
15		2.16
16		2.1125
17		1.22353
18		0.6
19		1.76842
20		1.17
21		0
22		0.622727
23		1.72609
24		1.13333
25		1.084
26		0.584615
27		0.518519
28		0.946429
29		0
30		0
31		0
32		0
33		0
34		0
35		0
36		0
37		0
38		0
39		0
40		0
41		0
42		0
43		0
44		0
45		0
46		0
47		0
48		0
49		0
50		0
51		0
52		0
53		0
54		0
55		0
56		0
57		0
58		0
59		0
60		0
61		0
62		0
63		0
64		0
65		0
66		0
67		0
68		0
69		0
70		0
71		0
72		0
73		0
74		0
75		0
76		0
77		0
78		0
79		0
80		0
81		0
82		0
83		0
84		0
85		0
86		0
87		0
88		0
89		0
90		0
91		0
92		0
93		0
94		0
95		0
96		0
97		0
98		0
99		0
k		Knn结束
0		0
1		0
2		7.33185
3		7.92407
4		7.28457
5		8.33719
6		8.26909
7		7.38738
8		7.15208
9		7.18519
10		6.3175
11		6.12727
12		3.82083
13		3.07692
14		2.37143
15		2.22
16		2.5875
17		1.55882
18		0.75
19		1.78421
20		1.245
21		0
22		0.65
23		1.82609
24		1.26667
25		1.156
26		0.65
27		0.577778
28		1.12857
29		0
30		0
31		0
32		0
33		0
34		0
35		0
36		0
37		0
38		0
39		0
40		0
41		0
42		0
43		0
44		0
45		0
46		0
47		0
48		0
49		0
50		0
51		0
52		0
53		0
54		0
55		0
56		0
57		0
58		0
59		0
60		0
61		0
62		0
63		0
64		0
65		0
66		0
67		0
68		0
69		0
70		0
71		0
72		0
73		0
74		0
75		0
76		0
77		0
78		0
79		0
80		0
81		0
82		0
83		0
84		0
85		0
86		0
87		0
88		0
89		0
90		0
91		0
92		0
93		0
94		0
95		0
96		0
97		0
98		0
99		0
N: 200
k		Knn初始
0		0
1		0
2		11.0723
3		9.48902
4		8.78863
5		7.87244
6		7.9803
7		7.251
8		7.44014
9		7.45741
10		5.26
11		5.92121
12		4.42222
13		3.14231
14		4.41786
15		2.38667
16		2.02813
17		2.53137
18		2.29444
19		1.39474
20		1.51
21		2.54762
22		1.4
23		1.48261
24		1.40417
25		1.452
26		0.753846
27		0
28		1.30357
29		1.96552
30		1.08333
31		0.590323
32		0.63125
33		0.49697
34		1.16176
35		0
36		1.81111
37		0
38		0.557895
39		1.22051
40		0.605
41		0
42		0
43		0
44		0
45		0
46		0
47		0
48		0
49		0
50		0.536
51		0
52		0
53		0
54		0
55		0
56		0
57		0
58		0
59		0
60		0
61		0
62		0
63		0
64		0
65		0
66		0
67		0
68		0
69		0
70		0
71		0
72		0
73		0
74		0
75		0
76		0
77		0
78		0
79		0
80		0
81		0
82		0
83		0
84		0
85		0
86		0
87		0
88		0
89		0
90		0
91		0
92		0
93		0
94		0
95		0
96		0
97		0
98		0
99		0
100		0
101		0
102		0
103		0
104		0
105		0
106		0
107		0
108		0
109		0
110		0
111		0
112		0
113		0
114		0
115		0
116		0
117		0
118		0
119		0
120		0
121		0
122		0
123		0
124		0
125		0
126		0
127		0
128		0
129		0
130		0
131		0
132		0
133		0
134		0
135		0
136		0
137		0
138		0
139		0
140		0
141		0
142		0
143		0
144		0
145		0
146		0
147		0
148		0
149		0
150		0
151		0
152		0
153		0
154		0
155		0
156		0
157		0
158		0
159		0
160		0
161		0
162		0
163		0
164		0
165		0
166		0
167		0
168		0
169		0
170		0
171		0
172		0
173		0
174		0
175		0
176		0
177		0
178		0
179		0
180		0
181		0
182		0
183		0
184		0
185		0
186		0
187		0
188		0
189		0
190		0
191		0
192		0
193		0
194		0
195		0
196		0
197		0
198		0
199		0
k		Knn结束
0		0
1		0
2		7.77905
3		8.60551
4		9.29455
5		10.3186
6		10.4607
7		9.96325
8		10.5185
9		10.2981
10		8.4125
11		8.5447
12		5.70694
13		4.53846
14		5.56786
15		3.11333
16		1.9625
17		3.23922
18		2.45556
19		1.65789
20		1.535
21		3.22619
22		1.67727
23		1.64348
24		1.45
25		1.58
26		0.603846
27		0
28		1.27143
29		2.45862
30		1.45667
31		0.693548
32		0.715625
33		0.751515
34		1.40294
35		0
36		2.09722
37		0
38		0.692105
39		1.26667
40		0.6525
41		0
42		0
43		0
44		0
45		0
46		0
47		0
48		0
49		0
50		0.612
51		0
52		0
53		0
54		0
55		0
56		0
57		0
58		0
59		0
60		0
61		0
62		0
63		0
64		0
65		0
66		0
67		0
68		0
69		0
70		0
71		0
72		0
73		0
74		0
75		0
76		0
77		0
78		0
79		0
80		0
81		0
82		0
83		0
84		0
85		0
86		0
87		0
88		0
89		0
90		0
91		0
92		0
93		0
94		0
95		0
96		0
97		0
98		0
99		0
100		0
101		0
102		0
103		0
104		0
105		0
106		0
107		0
108		0
109		0
110		0
111		0
112		0
113		0
114		0
115		0
116		0
117		0
118		0
119		0
120		0
121		0
122		0
123		0
124		0
125		0
126		0
127		0
128		0
129		0
130		0
131		0
132		0
133		0
134		0
135		0
136		0
137		0
138		0
139		0
140		0
141		0
142		0
143		0
144		0
145		0
146		0
147		0
148		0
149		0
150		0
151		0
152		0
153		0
154		0
155		0
156		0
157		0
158		0
159		0
160		0
161		0
162		0
163		0
164		0
165		0
166		0
167		0
168		0
169		0
170		0
171		0
172		0
173		0
174		0
175		0
176		0
177		0
178		0
179		0
180		0
181		0
182		0
183		0
184		0
185		0
186		0
187		0
188		0
189		0
190		0
191		0
192		0
193		0
194		0
195		0
196		0
197		0
198		0
199		0
N: 300
k		Knn初始
0		0
1		0
2		12.3616
3		11.1849
4		10.1328
5		9.02597
6		8.93576
7		8.51601
8		8.77594
9		7.69148
10		7.43333
11		5.76583
12		6.25833
13		7.32692
14		4.71786
15		4.89667
16		3.59375
17		2.68039
18		1.70556
19		3.61184
20		4.65833
21		1.51429
22		1.31818
23		1.93913
24		1.27917
25		0.596
26		2.98462
27		1.94074
28		3
29		0.755172
30		2.15
31		1.1
32		1.65625
33		0.60303
34		0
35		0
36		0
37		2.03784
38		0.560526
39		0.714103
40		1.23
41		0.719512
42		0
43		0.630233
44		0
45		0.76
46		0
47		0
48		1.87292
49		0
50		0.63
51		0
52		0
53		0
54		0
55		0
56		0
57		0
58		0.631034
59		0
60		0
61		0.562295
62		0
63		0.55873
64		0
65		0
66		0
67		0
68		0
69		0
70		0
71		0
72		0
73		0
74		0
75		0
76		0
77		0
78		0
79		0
80		0
81		0
82		0
83		0
84		0
85		0
86		0
87		0
88		0
89		0
90		0
91		0
92		0
93		0
94		0
95		0
96		0
97		0
98		0
99		0
100		0
101		0
102		0
103		0
104		0
105		0
106		0
107		0
108		0
109		0
110		0
111		0
112		0
113		0
114		0
115		0
116		0
117		0
118		0
119		0
120		0
121		0
122		0
123		0
124		0
125		0
126		0
127		0
128		0
129		0
130		0
131		0
132		0
133		0
134		0
135		0
136		0
137		0
138		0
139		0
140		0
141		0
142		0
143		0
144		0
145		0
146		0
147		0
148		0
149		0
150		0
151		0
152		0
153		0
154		0
155		0
156		0
157		0
158		0
159		0
160		0
161		0
162		0
163		0
164		0
165		0
166		0
167		0
168		0
169		0
170		0
171		0
172		0
173		0
174		0
175		0
176		0
177		0
178		0
179		0
180		0
181		0
182		0
183		0
184		0
185		0
186		0
187		0
188		0
189		0
190		0
191		0
192		0
193		0
194		0
195		0
196		0
197		0
198		0
199		0
200		0
201		0
202		0
203		0
204		0
205		0
206		0
207		0
208		0
209		0
210		0
211		0
212		0
213		0
214		0
215		0
216		0
217		0
218		0
219		0
220		0
221		0
222		0
223		0
224		0
225		0
226		0
227		0
228		0
229		0
230		0
231		0
232		0
233		0
234		0
235		0
236		0
237		0
238		0
239		0
240		0
241		0
242		0
243		0
244		0
245		0
246		0
247		0
248		0
249		0
250		0
251		0
252		0
253		0
254		0
255		0
256		0
257		0
258		0
259		0
260		0
261		0
262		0
263		0
264		0
265		0
266		0
267		0
268		0
269		0
270		0
271		0
272		0
273		0
274		0
275		0
276		0
277		0
278		0
279		0
280		0
281		0
282		0
283		0
284		0
285		0
286		0
287		0
288		0
289		0
290		0
291		0
292		0
293		0
294		0
295		0
296		0
297		0
298		0
299		0
k		Knn结束
0		0
1		0
2		8.02139
3		10.2587
4		10.323
5		11.5653
6		12.5051
7		11.3937
8		12.9382
9		13.2896
10		12.545
11		10.1726
12		8.97917
13		8.93718
14		6.84643
15		6.17
16		4.41875
17		4.04706
18		2.41667
19		4.82105
20		5.57
21		2.11905
22		1.68788
23		3.25217
24		1.65417
25		0.724
26		3.53846
27		2.32222
28		3.46071
29		0.931034
30		2.70667
31		1.50323
32		1.7875
33		0.80303
34		0
35		0
36		0
37		2.02162
38		0.644737
39		0.70641
40		1.56
41		0.860976
42		0
43		0.865116
44		0
45		0.762222
46		0
47		0
48		2.09792
49		0
50		0.8
51		0
52		0
53		0
54		0
55		0
56		0
57		0
58		0.718966
59		0
60		0
61		0.621311
62		0
63		0.722222
64		0
65		0
66		0
67		0
68		0
69		0
70		0
71		0
72		0
73		0
74		0
75		0
76		0
77		0
78		0
79		0
80		0
81		0
82		0
83		0
84		0
85		0
86		0
87		0
88		0
89		0
90		0
91		0
92		0
93		0
94		0
95		0
96		0
97		0
98		0
99		0
100		0
101		0
102		0
103		0
104		0
105		0
106		0
107		0
108		0
109		0
110		0
111		0
112		0
113		0
114		0
115		0
116		0
117		0
118		0
119		0
120		0
121		0
122		0
123		0
124		0
125		0
126		0
127		0
128		0
129		0
130		0
131		0
132		0
133		0
134		0
135		0
136		0
137		0
138		0
139		0
140		0
141		0
142		0
143		0
144		0
145		0
146		0
147		0
148		0
149		0
150		0
151		0
152		0
153		0
154		0
155		0
156		0
157		0
158		0
159		0
160		0
161		0
162		0
163		0
164		0
165		0
166		0
167		0
168		0
169		0
170		0
171		0
172		0
173		0
174		0
175		0
176		0
177		0
178		0
179		0
180		0
181		0
182		0
183		0
184		0
185		0
186		0
187		0
188		0
189		0
190		0
191		0
192		0
193		0
194		0
195		0
196		0
197		0
198		0
199		0
200		0
201		0
202		0
203		0
204		0
205		0
206		0
207		0
208		0
209		0
210		0
211		0
212		0
213		0
214		0
215		0
216		0
217		0
218		0
219		0
220		0
221		0
222		0
223		0
224		0
225		0
226		0
227		0
228		0
229		0
230		0
231		0
232		0
233		0
234		0
235		0
236		0
237		0
238		0
239		0
240		0
241		0
242		0
243		0
244		0
245		0
246		0
247		0
248		0
249		0
250		0
251		0
252		0
253		0
254		0
255		0
256		0
257		0
258		0
259		0
260		0
261		0
262		0
263		0
264		0
265		0
266		0
267		0
268		0
269		0
270		0
271		0
272		0
273		0
274		0
275		0
276		0
277		0
278		0
279		0
280		0
281		0
282		0
283		0
284		0
285		0
286		0
287		0
288		0
289		0
290		0
291		0
292		0
293		0
294		0
295		0
296		0
297		0
298		0
299		0
N: 400
k		Knn初始
0		0
1		0
2		12.7215
3		11.1033
4		9.62557
5		9.10718
6		8.92466
7		7.91726
8		8.54988
9		8.97135
10		7.42421
11		6.62121
12		7.62639
13		6.36154
14		5.51429
15		1.91833
16		3.60781
17		6.04412
18		3.54907
19		2.54474
20		5.8675
21		2.2619
22		1.64091
23		2.99638
24		3.08125
25		1.7
26		0.853846
27		2.90741
28		1.44286
29		0.772414
30		0
31		3.0871
32		1.66875
33		1.78788
34		0.758824
35		1.55143
36		2.35694
37		0.848649
38		0.771053
39		0
40		0.67
41		1.27073
42		0
43		0
44		0
45		0.697778
46		0
47		0
48		0.672917
49		0
50		0
51		0
52		0.592308
53		0
54		1.41481
55		0
56		0.675
57		0
58		0
59		0
60		0.686667
61		0
62		0
63		0.628571
64		0
65		0
66		0
67		1.14925
68		0
69		0
70		0
71		0.594366
72		0
73		0
74		0
75		0
76		0
77		0
78		0
79		0
80		0
81		0
82		0
83		0
84		0
85		0
86		0
87		0
88		0
89		0
90		0
91		0
92		0
93		0
94		0
95		0
96		0
97		0
98		0
99		0
100		0
101		0
102		0
103		0
104		0
105		0
106		0
107		0
108		0
109		0
110		0
111		0
112		0
113		0
114		0
115		0
116		0
117		0
118		0
119		0
120		0
121		0
122		0
123		0
124		0
125		0
126		0
127		0
128		0
129		0
130		0
131		0
132		0
133		0
134		0
135		0
136		0
137		0
138		0
139		0
140		0
141		0
142		0
143		0
144		0
145		0
146		0
147		0
148		0
149		0
150		0
151		0
152		0
153		0
154		0
155		0
156		0
157		0
158		0
159		0
160		0
161		0
162		0
163		0
164		0
165		0
166		0
167		0
168		0
169		0
170		0
171		0
172		0
173		0
174		0
175		0
176		0
177		0
178		0
179		0
180		0
181		0
182		0
183		0
184		0
185		0
186		0
187		0
188		0
189		0
190		0
191		0
192		0
193		0
194		0
195		0
196		0
197		0
198		0
199		0
200		0
201		0
202		0
203		0
204		0
205		0
206		0
207		0
208		0
209		0
210		0
211		0
212		0
213		0
214		0
215		0
216		0
217		0
218		0
219		0
220		0
221		0
222		0
223		0
224		0
225		0
226		0
227		0
228		0
229		0
230		0
231		0
232		0
233		0
234		0
235		0
236		0
237		0
238		0
239		0
240		0
241		0
242		0
243		0
244		0
245		0
246		0
247		0
248		0
249		0
250		0
251		0
252		0
253		0
254		0
255		0
256		0
257		0
258		0
259		0
260		0
261		0
262		0
263		0
264		0
265		0
266		0
267		0
268		0
269		0
270		0
271		0
272		0
273		0
274		0
275		0
276		0
277		0
278		0
279		0
280		0
281		0
282		0
283		0
284		0
285		0
286		0
287		0
288		0
289		0
290		0
291		0
292		0
293		0
294		0
295		0
296		0
297		0
298		0
299		0
300		0
301		0
302		0
303		0
304		0
305		0
306		0
307		0
308		0
309		0
310		0
311		0
312		0
313		0
314		0
315		0
316		0
317		0
318		0
319		0
320		0
321		0
322		0
323		0
324		0
325		0
326		0
327		0
328		0
329		0
330		0
331		0
332		0
333		0
334		0
335		0
336		0
337		0
338		0
339		0
340		0
341		0
342		0
343		0
344		0
345		0
346		0
347		0
348		0
349		0
350		0
351		0
352		0
353		0
354		0
355		0
356		0
357		0
358		0
359		0
360		0
361		0
362		0
363		0
364		0
365		0
366		0
367		0
368		0
369		0
370		0
371		0
372		0
373		0
374		0
375		0
376		0
377		0
378		0
379		0
380		0
381		0
382		0
383		0
384		0
385		0
386		0
387		0
388		0
389		0
390		0
391		0
392		0
393		0
394		0
395		0
396		0
397		0
398		0
399		0
k		Knn结束
0		0
1		0
2		8.23132
3		10.2998
4		11.4129
5		12.2525
6		12.3474
7		10.8285
8		12.4198
9		11.2083
10		10.6909
11		10.1273
12		10.3743
13		9.05
14		7.49238
15		3.335
16		5.35
17		6.79706
18		4.06574
19		2.92632
20		7.1125
21		2.75238
22		2.17727
23		3.47536
24		3.78958
25		2.456
26		0.861538
27		3.32963
28		2.14643
29		0.9
30		0
31		3.36129
32		1.94375
33		2.85152
34		0.920588
35		1.65429
36		2.58056
37		0.945946
38		0.944737
39		0
40		0.7125
41		1.36829
42		0
43		0
44		0
45		0.728889
46		0
47		0
48		0.802083
49		0
50		0
51		0
52		0.611538
53		0
54		1.49444
55		0
56		0.782143
57		0
58		0
59		0
60		0.64
61		0
62		0
63		0.749206
64		0
65		0
66		0
67		1.3403
68		0
69		0
70		0
71		0.677465
72		0
73		0
74		0
75		0
76		0
77		0
78		0
79		0
80		0
81		0
82		0
83		0
84		0
85		0
86		0
87		0
88		0
89		0
90		0
91		0
92		0
93		0
94		0
95		0
96		0
97		0
98		0
99		0
100		0
101		0
102		0
103		0
104		0
105		0
106		0
107		0
108		0
109		0
110		0
111		0
112		0
113		0
114		0
115		0
116		0
117		0
118		0
119		0
120		0
121		0
122		0
123		0
124		0
125		0
126		0
127		0
128		0
129		0
130		0
131		0
132		0
133		0
134		0
135		0
136		0
137		0
138		0
139		0
140		0
141		0
142		0
143		0
144		0
145		0
146		0
147		0
148		0
149		0
150		0
151		0
152		0
153		0
154		0
155		0
156		0
157		0
158		0
159		0
160		0
161		0
162		0
163		0
164		0
165		0
166		0
167		0
168		0
169		0
170		0
171		0
172		0
173		0
174		0
175		0
176		0
177		0
178		0
179		0
180		0
181		0
182		0
183		0
184		0
185		0
186		0
187		0
188		0
189		0
190		0
191		0
192		0
193		0
194		0
195		0
196		0
197		0
198		0
199		0
200		0
201		0
202		0
203		0
204		0
205		0
206		0
207		0
208		0
209		0
210		0
211		0
212		0
213		0
214		0
215		0
216		0
217		0
218		0
219		0
220		0
221		0
222		0
223		0
224		0
225		0
226		0
227		0
228		0
229		0
230		0
231		0
232		0
233		0
234		0
235		0
236		0
237		0
238		0
239		0
240		0
241		0
242		0
243		0
244		0
245		0
246		0
247		0
248		0
249		0
250		0
251		0
252		0
253		0
254		0
255		0
256		0
257		0
258		0
259		0
260		0
261		0
262		0
263		0
264		0
265		0
266		0
267		0
268		0
269		0
270		0
271		0
272		0
273		0
274		0
275		0
276		0
277		0
278		0
279		0
280		0
281		0
282		0
283		0
284		0
285		0
286		0
287		0
288		0
289		0
290		0
291		0
292		0
293		0
294		0
295		0
296		0
297		0
298		0
299		0
300		0
301		0
302		0
303		0
304		0
305		0
306		0
307		0
308		0
309		0
310		0
311		0
312		0
313		0
314		0
315		0
316		0
317		0
318		0
319		0
320		0
321		0
322		0
323		0
324		0
325		0
326		0
327		0
328		0
329		0
330		0
331		0
332		0
333		0
334		0
335		0
336		0
337		0
338		0
339		0
340		0
341		0
342		0
343		0
344		0
345		0
346		0
347		0
348		0
349		0
350		0
351		0
352		0
353		0
354		0
355		0
356		0
357		0
358		0
359		0
360		0
361		0
362		0
363		0
364		0
365		0
366		0
367		0
368		0
369		0
370		0
371		0
372		0
373		0
374		0
375		0
376		0
377		0
378		0
379		0
380		0
381		0
382		0
383		0
384		0
385		0
386		0
387		0
388		0
389		0
390		0
391		0
392		0
393		0
394		0
395		0
396		0
397		0
398		0
399		0
N: 500
k		Knn初始
0		0
1		0
2		13.2801
3		11.2742
4		9.79154
5		9.5432
6		9.0194
7		8.42575
8		9.07054
9		7.47497
10		7.63108
11		7.91869
12		6.18486
13		7.2109
14		8.82024
15		6.28667
16		7.68229
17		4.03235
18		2.96296
19		4.25526
20		7.32833
21		1.62857
22		2.01818
23		2.6087
24		3.07708
25		3.756
26		0.557692
27		2.29259
28		3.01071
29		2.17931
30		3.19
31		2.34839
32		2.11875
33		0.857576
34		0
35		2.36
36		3.16111
37		0
38		2.65263
39		0
40		1.54625
41		1.33415
42		0.77619
43		0.818605
44		0.645455
45		0
46		0
47		0
48		0.68125
49		1.4449
50		0.702
51		0.992157
52		0
53		0.750943
54		0.725926
55		0
56		0.657143
57		0
58		0.57931
59		0
60		0.668333
61		0
62		0.5
63		0
64		0
65		0
66		0
67		0
68		0
69		0
70		0
71		0
72		0
73		0
74		0
75		0
76		0
77		0
78		0
79		0
80		0
81		0
82		0
83		0
84		0
85		0
86		0
87		0
88		0.615909
89		0
90		0
91		0
92		0
93		0
94		0
95		0
96		0
97		0
98		0
99		0
100		0
101		0
102		0
103		0
104		0
105		0
106		0
107		0
108		0
109		0
110		0
111		0
112		0
113		0
114		0
115		0
116		0
117		0
118		0
119		0
120		0
121		0
122		0
123		0
124		0
125		0
126		0
127		0
128		0
129		0
130		0
131		0
132		0
133		0
134		0
135		0
136		0
137		0
138		0
139		0
140		0
141		0
142		0
143		0
144		0
145		0
146		0
147		0
148		0
149		0
150		0
151		0
152		0
153		0
154		0
155		0
156		0
157		0
158		0
159		0
160		0
161		0
162		0
163		0
164		0
165		0
166		0
167		0
168		0
169		0
170		0
171		0
172		0
173		0
174		0
175		0
176		0
177		0
178		0
179		0
180		0
181		0
182		0
183		0
184		0
185		0
186		0
187		0
188		0
189		0
190		0
191		0
192		0
193		0
194		0
195		0
196		0
197		0
198		0
199		0
200		0
201		0
202		0
203		0
204		0
205		0
206		0
207		0
208		0
209		0
210		0
211		0
212		0
213		0
214		0
215		0
216		0
217		0
218		0
219		0
220		0
221		0
222		0
223		0
224		0
225		0
226		0
227		0
228		0
229		0
230		0
231		0
232		0
233		0
234		0
235		0
236		0
237		0
238		0
239		0
240		0
241		0
242		0
243		0
244		0
245		0
246		0
247		0
248		0
249		0
250		0
251		0
252		0
253		0
254		0
255		0
256		0
257		0
258		0
259		0
260		0
261		0
262		0
263		0
264		0
265		0
266		0
267		0
268		0
269		0
270		0
271		0
272		0
273		0
274		0
275		0
276		0
277		0
278		0
279		0
280		0
281		0
282		0
283		0
284		0
285		0
286		0
287		0
288		0
289		0
290		0
291		0
292		0
293		0
294		0
295		0
296		0
297		0
298		0
299		0
300		0
301		0
302		0
303		0
304		0
305		0
306		0
307		0
308		0
309		0
310		0
311		0
312		0
313		0
314		0
315		0
316		0
317		0
318		0
319		0
320		0
321		0
322		0
323		0
324		0
325		0
326		0
327		0
328		0
329		0
330		0
331		0
332		0
333		0
334		0
335		0
336		0
337		0
338		0
339		0
340		0
341		0
342		0
343		0
344		0
345		0
346		0
347		0
348		0
349		0
350		0
351		0
352		0
353		0
354		0
355		0
356		0
357		0
358		0
359		0
360		0
361		0
362		0
363		0
364		0
365		0
366		0
367		0
368		0
369		0
370		0
371		0
372		0
373		0
374		0
375		0
376		0
377		0
378		0
379		0
380		0
381		0
382		0
383		0
384		0
385		0
386		0
387		0
388		0
389		0
390		0
391		0
392		0
393		0
394		0
395		0
396		0
397		0
398		0
399		0
400		0
401		0
402		0
403		0
404		0
405		0
406		0
407		0
408		0
409		0
410		0
411		0
412		0
413		0
414		0
415		0
416		0
417		0
418		0
419		0
420		0
421		0
422		0
423		0
424		0
425		0
426		0
427		0
428		0
429		0
430		0
431		0
432		0
433		0
434		0
435		0
436		0
437		0
438		0
439		0
440		0
441		0
442		0
443		0
444		0
445		0
446		0
447		0
448		0
449		0
450		0
451		0
452		0
453		0
454		0
455		0
456		0
457		0
458		0
459		0
460		0
461		0
462		0
463		0
464		0
465		0
466		0
467		0
468		0
469		0
470		0
471		0
472		0
473		0
474		0
475		0
476		0
477		0
478		0
479		0
480		0
481		0
482		0
483		0
484		0
485		0
486		0
487		0
488		0
489		0
490		0
491		0
492		0
493		0
494		0
495		0
496		0
497		0
498		0
499		0
k		Knn结束
0		0
1		0
2		8.57236
3		10.3201
4		11.5324
5		11.588
6		12.037
7		12.5694
8		12.5557
9		12.1512
10		12.4856
11		12.5838
12		10.4989
13		10.3705
14		12.1964
15		6.32
16		11.0323
17		5.71176
18		4.37593
19		5.45
20		8.71292
21		1.45238
22		2.49318
23		4.09565
24		3.22083
25		4.084
26		0.734615
27		2.42222
28		3.75
29		2.67414
30		3.82667
31		3.03226
32		2.4875
33		1.05455
34		0
35		2.45429
36		3.69722
37		0
38		3.26053
39		0
40		2.0725
41		1.7
42		0.604762
43		0.911628
44		0.763636
45		0
46		0
47		0
48		0.689583
49		1.54286
50		0.846
51		1.40392
52		0
53		0.658491
54		0.907407
55		0
56		0.625
57		0
58		0.743103
59		0
60		0.77
61		0
62		0.637097
63		0
64		0
65		0
66		0
67		0
68		0
69		0
70		0
71		0
72		0
73		0
74		0
75		0
76		0
77		0
78		0
79		0
80		0
81		0
82		0
83		0
84		0
85		0
86		0
87		0
88		0.664773
89		0
90		0
91		0
92		0
93		0
94		0
95		0
96		0
97		0
98		0
99		0
100		0
101		0
102		0
103		0
104		0
105		0
106		0
107		0
108		0
109		0
110		0
111		0
112		0
113		0
114		0
115		0
116		0
117		0
118		0
119		0
120		0
121		0
122		0
123		0
124		0
125		0
126		0
127		0
128		0
129		0
130		0
131		0
132		0
133		0
134		0
135		0
136		0
137		0
138		0
139		0
140		0
141		0
142		0
143		0
144		0
145		0
146		0
147		0
148		0
149		0
150		0
151		0
152		0
153		0
154		0
155		0
156		0
157		0
158		0
159		0
160		0
161		0
162		0
163		0
164		0
165		0
166		0
167		0
168		0
169		0
170		0
171		0
172		0
173		0
174		0
175		0
176		0
177		0
178		0
179		0
180		0
181		0
182		0
183		0
184		0
185		0
186		0
187		0
188		0
189		0
190		0
191		0
192		0
193		0
194		0
195		0
196		0
197		0
198		0
199		0
200		0
201		0
202		0
203		0
204		0
205		0
206		0
207		0
208		0
209		0
210		0
211		0
212		0
213		0
214		0
215		0
216		0
217		0
218		0
219		0
220		0
221		0
222		0
223		0
224		0
225		0
226		0
227		0
228		0
229		0
230		0
231		0
232		0
233		0
234		0
235		0
236		0
237		0
238		0
239		0
240		0
241		0
242		0
243		0
244		0
245		0
246		0
247		0
248		0
249		0
250		0
251		0
252		0
253		0
254		0
255		0
256		0
257		0
258		0
259		0
260		0
261		0
262		0
263		0
264		0
265		0
266		0
267		0
268		0
269		0
270		0
271		0
272		0
273		0
274		0
275		0
276		0
277		0
278		0
279		0
280		0
281		0
282		0
283		0
284		0
285		0
286		0
287		0
288		0
289		0
290		0
291		0
292		0
293		0
294		0
295		0
296		0
297		0
298		0
299		0
300		0
301		0
302		0
303		0
304		0
305		0
306		0
307		0
308		0
309		0
310		0
311		0
312		0
313		0
314		0
315		0
316		0
317		0
318		0
319		0
320		0
321		0
322		0
323		0
324		0
325		0
326		0
327		0
328		0
329		0
330		0
331		0
332		0
333		0
334		0
335		0
336		0
337		0
338		0
339		0
340		0
341		0
342		0
343		0
344		0
345		0
346		0
347		0
348		0
349		0
350		0
351		0
352		0
353		0
354		0
355		0
356		0
357		0
358		0
359		0
360		0
361		0
362		0
363		0
364		0
365		0
366		0
367		0
368		0
369		0
370		0
371		0
372		0
373		0
374		0
375		0
376		0
377		0
378		0
379		0
380		0
381		0
382		0
383		0
384		0
385		0
386		0
387		0
388		0
389		0
390		0
391		0
392		0
393		0
394		0
395		0
396		0
397		0
398		0
399		0
400		0
401		0
402		0
403		0
404		0
405		0
406		0
407		0
408		0
409		0
410		0
411		0
412		0
413		0
414		0
415		0
416		0
417		0
418		0
419		0
420		0
421		0
422		0
423		0
424		0
425		0
426		0
427		0
428		0
429		0
430		0
431		0
432		0
433		0
434		0
435		0
436		0
437		0
438		0
439		0
440		0
441		0
442		0
443		0
444		0
445		0
446		0
447		0
448		0
449		0
450		0
451		0
452		0
453		0
454		0
455		0
456		0
457		0
458		0
459		0
460		0
461		0
462		0
463		0
464		0
465		0
466		0
467		0
468		0
469		0
470		0
471		0
472		0
473		0
474		0
475		0
476		0
477		0
478		0
479		0
480		0
481		0
482		0
483		0
484		0
485		0
486		0
487		0
488		0
489		0
490		0
491		0
492		0
493		0
494		0
495		0
496		0
497		0
498		0
499		0
