0110010110000011000001001010000010000000100010000000100100001000000000010100000000100000000000000000
1010110011000000000100100010001000010000000110000000000000000000000110000000000000011000000000000000
1101101001010000000000000000000000000000000100000000001000010001001000000010001000000000000000000000
0010001000111010011101000001000101100011001000001010001000000000000001100000000000001000100000000010
0110000000100100100000000001000000100001000001000000000000000001001000000110000001000000000000000010
1100000100000000000000000000000100000000000000000000000000000000100000000000000000000000000000000000
0011000000000101000000000000000000000000000000000000000000000000000000000000000000000000000010000000
1000010000001000000000000000000000000000000000000000000000000000000000001000000000000000000000000000
1100000000000000100000010000010000000000010000101000000000000000000000000000000000000000000010000000
0110000000000000000000100000000000000000000000000000000000000000010000000000000000000000000000000000
0001100000000000010000000100000000000000000000000000000100000000000000000000000000000000000000010000
0011000000000000000010000000010001000000010000000000000000000000000000000000000000000000000000000000
0001000100000000000000000000100000000000000000000000000000000000000000001000000000000000000000000000
0000101000000000000000000100000000000000000000010100000000000000000000000000000001010000000000001000
1001000000000000000000000000000000000000000000000000000000000000000010000000000000000001010000000000
1000001000000000000000000000000000000100000000000000000000000000000000000000000100000000000000100000
0000100010000000001000000000000000000000000000000000000000000000000000000000000000000000000000000000
0001000000100000000000010000000000000000000000000000000000000000000000000000010000000000000000000000
0001000000000000100010001000100000000000000000000010000000100000000000000000000000000110000000000000
0101000000000000000000000000000000000000000000000000000000000000000000000000000000000000000000000000
0000000000010000001000000000000000000000000000000000010000000000000000000000000000000000000000000000
1001000000000000000000000000000000000100000000000000000000000010000000000000000000000000000000000000
0100000001000000000000000000000000000000000000000000000000000000000000000000000000000000000000000000
0000000010000000010000000000000010011000000000000000000000000000000000000000000000000000000000000000
1000000000000000001000000000001000000000000000000001000010000000000000000000000010000000000000000000
0000000000100100000000000000000000000000000000000000000000000000000000000000000000000000000000000000
1100000000000000000000000000000000000000000000000000000001000000100000000000000000000000000000000000
0001100000000000000000000000000000000000000000000000000000000100000000000000000100000000000000000000
0000000000001000001000000000000000001010000000000000000000000000000000000000000010000000000000000000
0000000010010000000000000000000000000000000000000000000000010000000000000000000000000000000000000000
0100000000000000000000001000000000000000000000000000000000000000000000000000000000000000000000000000
0001010000000000000000000000000000000000000000000000000000000000000000000000000000000000001000000000
1000000000000000000000010000000000000000000000000000000000000100000000000000000000000000000000000000
0001000000010000000000000000000000000000001000000000000000000000010000000000100000000000000000001000
0001100000000000000000000000000000000000000000010000010000000000000000000000000000000000000000000000
0100000000000000000000010000000000000000000000000000000000000000000000000000000000000000000000000000
0000000000000000000000010000100000000000000000000000000000000000000000000000001000000100000000000000
0000000000000001000001000000000000000000000000000000000000000000000000000000000000000000000100000000
0001000000000000000000000000100000000000100001000000000001101000000000000000000000000000000000000000
0001100000000000000000000000000000000000000000000000000000000000000000000000000000000000000000000000
1000000000000000000000000000000000000010000000000000000000000000000000010000000000000000000000000000
0000000010010000000000000000000000000000000000100000000010000000000000000000000000000010000000000000
0001000000000000000000000000000001000000000000000000100000000000000000000000000000000000000000000000
0110000000000000000000000000000000000000000000000000000000000000000000000000000000000000000000000000
1100000000000000000000000000000000000000000000000100000000000000000000000000000000000000000000000000
0000100000000000000000000000000000000010000000000001000000000000000000000000000000000000000100000000
0000000010000000000000000000000000000000010000000000000000000000000000000000100000000000000001000001
0000000000000100000000000000000000100000000000000000000000000000000000000000000000000000000000000000
0001000010000000000000000000000000000000000000000000000000000000000000000000000000000000000000000000
0000000000000100000000000000000000000000000010000000000000000000000000000000000000000000000000000000
0001000000000000001000000000000000000000000000000000000000000000000000000000000000000000000000000000
0000000000000000000000001000000000000000000001000000000000000000000000000000000000000000000000000000
1000000000000000000000000000000000000000001000000000000000000000000000000000000000100000000000000000
0000000000000000000010000000000000100000000000000000000000000000000000100000000000000000000000000100
0011000000000000000000000000000000000000000000000000000000000000000100000000000000000000000000000100
1000000000100000000000000000000000000000000000000000000000000010000000000000000000000000000000000000
0000000000000000000000001000000000000000010000000000000000000000000000000000000000000000000000000000
0000000000000000000000000010000000000010000000000000000000000000000000000000000000000000000000000000
0000000000000000001000000000000000000010000000000000000000000000000000000001000000000000000000000000
0010000000000000000000000000010000000000000000000000000000000000000000000000000000000000000000000000
1000000000000000000000000000000000000010000000000000000000000000000000000000000000000001000000000000
0000000000000000000000000001000010000000000000000000000000000000000000000000000000000000000000000000
0000000000000000000001000000000000000000000000000000000100000000000000000000000000000000000000000000
0010100000000000000000000000000000000000000000000000000000000000000000000000000000000000000000000000
0000010000000000000000000010000000000000000000000000000000000000000000000000010000000000000000000000
0000000001000000000000000000000001000000000000000000000000000000000001000000000000000000000000000000
0010100000000000000000000000000000000000000000000000000000000000000000000001000000000000000000000000
0100000000000000000000000000000000000000000000000000001000000000000000000000000000000000000000000000
0100000000000010000000000000000000000000000000000000000000000000000000000000000000000000000000000000
0001000000000000000000000000000000000000000000000000000000000000010000000000000000000000000000000000
0001000000000000000000000000000000000000000000000000010000000000000000000000000000000000000000000000
1000000000000000000000000000000000000000100000000000000000000000000000000000000000000000000000000000
0000000100001000000000000000000000000000000000000000000000000000000000000000000000000000001000000000
1000100000000000000000000000000000000000000000000000000000000000000000000000000000000000000000000000
0010100000000000000000000000000000000000000000000000000000000000000000000000000000000000000001000000
0000000000000000000000000000000000000000000000000000000000100000001000000000000000000000000000100000
0000000000000000000000000000000001000000000000100000000000000000000000000000000000000000000000000000
0000000000000000010000000000000000000000000000000000000000000000100000000000000000000000000000000000
0010000000000000000000000000000000001000000000000000000000000000000000000000000000000000000000010000
0000000000000001000000000001000000000000000000000000000000000000000000000000000000000000100000000000
0000000000000000000000001000100000000000000000000000000000000000000000000000000000000000000000000000
0000100000000100000000000000000000000000000000000000000000000000000000000000000000000000000000000000
1000000000000000000000000000000000000000000000000000100000000000000000000000000000000000000000000001
0100000000000100000000000000000000000000000000000000000000000000000000000000000000000000000000000000
0101000000000000000000000000000000000000000000000000000000000000000000000000000000000000000000000000
0000000000000000001000000000000000001000000000000000000000000000000000000000000000000000000000000000
0000000000000000001000000000000000000000010000000000000000000000000000000000000000000000010000000000
0000000000000010000000000000000000000000000000000000000000001000000000000000000000000000000000000000
0001000000000000000000000000000000000000000000000000000000000000000000000000000100000000000000000000
0000000000000010000000000000000000000000000000000000000000000000000000000000000000000010000000000000
0000000000000000000000000000000100000000000000000000000000000000000000001000000000000000000000000000
0000000000000000000000000000000000000100000001000000000000000000000000000000000000000000000000000000
0000001010000000000000000000000000000000000000000000000000000000000000000000000000000000000000000000
0000000000000000000000000000000000000000000000100000000000000000000000000010000000000000000000000000
0000000000000001000000000000000000000000000000000000000000000000000000000001000000000000000000000000
0000000000100000000000000000000000000000000000000000000000000000000000000000001000000000000000000000
0000000000000100000000000000000001000000000000000000000000000000000000000000000000000000000000000000
0000000000000000000000000000000000000000000000000000011000000000000000000000000000000000000000000000
0001100000000000000000000000000000000000000000000000000000000000000000000000000000000000000000000000
0000000000000000000000000000000000000000000000100000000000000000000000000000000000100000000000000000
